0 1943
1 322
2 322
3 321
4 321
5 851
6 2253
7 3946
8 4154
9 3946
10 3946
11 3946
12 2164
13 2052
14 1943
15 322
16 322
17 317
18 317
19 860
20 990
21 3766
22 2549
23 2455
24 860
25 745
26 467
27 385
28 2455
29 2453
30 2452
31 1080
32 1559
33 1827
34 2153
35 1443
36 2252
37 761
38 3952
39 3952
40 3952
41 3952
42 2253
43 4154
44 2164
45 2052
46 322
47 382
48 382
49 316
50 317
51 4154
52 3946
53 2164
54 2052
55 2052
56 322
57 322
58 317
59 316
60 317
61 278
62 293
63 289
64 290
65 278
66 293
67 293
68 293
69 289
70 570
71 3969
72 747
73 467
74 3766
75 2778
76 2919
77 2639
78 2635
79 557
80 1709
81 1561
82 2289
83 1282
84 753
85 762
86 4159
87 4357
88 4344
89 13
90 860
91 466
92 467
93 2453
94 931
95 1080
96 1559
97 1821
98 1620
99 1281
100 753
101 754
102 4159
103 4345
104 4351
105 4351
106 4345
107 4159
108 3135
109 2052
110 382
111 382
112 382
113 322
114 317
115 293
116 4475
117 293
118 293
119 4041
120 570
121 563
122 3917
123 3405
124 3168
125 3167
126 4523
127 4523
128 4355
129 4355
130 563
131 563
132 4131
133 3917
134 2778
135 3167
136 2919
137 2639
138 2635
139 1560
140 1561
141 1934
142 1935
143 2164
144 754
145 876
146 763
147 4164
148 4349
149 4523
150 4355
151 4164
152 3135
153 2042
154 2154
155 384
156 384
157 323
158 3519
159 4351
160 4351
161 4349
162 4349
163 4349
164 4351
165 3135
166 3326
167 383
168 384
169 383
170 323
171 322
172 4474
173 4474
174 4475
175 3298
176 867
177 750
178 868
179 750
180 4523
181 671
182 771
183 570
184 3590
185 3168
186 2920
187 2764
188 2639
189 1821
190 1933
191 2051
192 1935
193 1830
194 755
195 867
196 4348
197 4523
198 4348
199 4349
200 2919
201 2764
202 2639
203 1560
204 1821
205 1828
206 1829
207 3519
208 754
209 876
210 877
211 885
212 4349
213 4355
214 4348
215 4348
216 4159
217 3367
218 2042
219 2154
220 2041
221 383
222 3519
223 3696
224 3401
225 3972
226 4398
227 3245
228 3245
229 4433
230 4435
231 3244
232 3675
233 3246
234 3264
235 3264
236 3281
237 3246
238 3264
239 3282
240 1924
241 3477
242 750
243 868
244 868
245 578
246 578
247 579
248 4320
249 4128
250 1924
251 748
252 868
253 750
254 868
255 869
256 868
257 578
258 671
259 671
260 771
261 4128
262 3398
263 2920
264 2914
265 2359
266 2040
267 1934
268 1829
269 1830
270 754
271 876
272 885
273 867
274 750
275 869
276 867
277 869
278 4349
279 4159
280 3376
281 2290
282 2041
283 2152
284 1818
285 2037
286 3420
287 763
288 885
289 4349
290 4349
291 867
292 755
293 3136
294 2353
295 2041
296 1934
297 1818
298 1719
299 3183
300 3606
301 3607
302 3992
303 3992
304 967
305 3654
306 3401
307 908
308 908
309 908
310 908
311 908
312 4714
313 4714
314 3245
315 3264
316 3301
317 3282
318 3264
319 3264
320 3282
321 3282
322 3487
323 750
324 868
325 868
326 869
327 4514
328 4514
329 908
330 908
331 498
332 505
333 504
334 388
335 3364
336 3128
337 2250
338 2051
339 2042
340 2052
341 754
342 875
343 748
344 748
345 748
346 750
347 869
348 869
349 1329
350 504
351 3392
352 3364
353 2912
354 2153
355 2051
356 1829
357 2052
358 754
359 876
360 878
361 3487
362 867
363 758
364 869
365 869
366 885
367 763
368 3141
369 3559
370 2290
371 2041
372 2152
373 1818
374 3696
375 3419
376 3425
377 4188
378 3786
379 3607
380 4188
381 3992
382 3992
383 967
384 3992
385 519
386 519
387 599
388 1045
389 908
390 1631
391 1589
392 1045
393 908
394 1589
395 4566
396 4692
397 3102
398 3102
399 868
400 887
401 767
402 666
403 666
404 578
405 498
406 498
407 447
408 447
409 447
410 869
411 868
412 766
413 4332
414 4332
415 4332
416 767
417 1480
418 498
419 498
420 1045
421 907
422 505
423 447
424 380
425 3369
426 3364
427 2154
428 2154
429 2052
430 761
431 875
432 1016
433 878
434 867
435 749
436 885
437 763
438 762
439 3376
440 1282
441 1329
442 878
443 749
444 869
445 763
446 755
447 3377
448 1282
449 1287
450 2213
451 1706
452 1818
453 3696
454 3688
455 1024
456 3424
457 3607
458 968
459 968
460 968
461 519
462 519
463 519
464 519
465 599
466 908
467 599
468 4566
469 4692
470 758
471 758
472 868
473 766
474 767
475 767
476 666
477 767
478 767
479 767
480 1449
481 1449
482 583
483 580
484 499
485 499
486 447
487 447
488 447
489 387
490 3364
491 2154
492 2154
493 758
494 758
495 868
496 868
497 666
498 666
499 767
500 667
501 1480
502 447
503 387
504 3369
505 3548
506 2154
507 2052
508 754
509 3126
510 1021
511 1021
512 877
513 1030
514 767
515 3399
516 566
517 3571
518 1443
519 2213
520 2050
521 1556
522 1818
523 1817
524 961
525 1832
526 1329
527 2213
528 2050
529 1556
530 1818
531 1817
532 3688
533 1832
534 1336
535 1336
536 3972
537 791
538 3155
539 3155
540 519
541 599
542 598
543 598
544 2854
545 868
546 868
547 509
548 582
549 447
550 447
551 885
552 758
553 764
554 887
555 767
556 767
557 768
558 768
559 768
560 768
561 1464
562 1449
563 509
564 583
565 581
566 581
567 447
568 450
569 380
570 679
571 3364
572 3548
573 2154
574 2155
575 3131
576 764
577 764
578 876
579 876
580 1480
581 2155
582 755
583 885
584 1163
585 1030
586 1030
587 1030
588 3385
589 3380
590 3924
591 1620
592 2040
593 2050
594 1556
595 1818
596 1713
597 1103
598 1024
599 963
600 729
601 1336
602 1336
603 791
604 791
605 684
606 688
607 684
608 868
609 868
610 667
611 768
612 671
613 671
614 509
615 509
616 452
617 452
618 447
619 451
620 380
621 588
622 593
623 868
624 868
625 667
626 667
627 768
628 671
629 769
630 1464
631 1464
632 679
633 588
634 2899
635 3547
636 2154
637 3559
638 3137
639 3137
640 2889
641 876
642 875
643 762
644 3571
645 3924
646 3718
647 2359
648 2050
649 1393
650 1225
651 1703
652 1216
653 1103
654 1832
655 1480
656 1480
657 3380
658 3924
659 1443
660 2359
661 1446
662 2049
663 1225
664 1217
665 1719
666 1103
667 1832
668 832
669 1480
670 729
671 1336
672 684
673 684
674 3361
675 3361
676 3361
677 3361
678 581
679 583
680 583
681 769
682 769
683 769
684 583
685 509
686 509
687 452
688 390
689 399
690 401
691 593
692 2743
693 2743
694 2899
695 385
696 325
697 3551
698 3377
699 3376
700 3376
701 3376
702 3380
703 1480
704 2743
705 2894
706 384
707 3570
708 3365
709 3135
710 3141
711 3136
712 3140
713 3140
714 3924
715 3728
716 2041
717 2153
718 2040
719 2548
720 1217
721 1216
722 1103
723 961
724 832
725 832
726 684
727 684
728 3931
729 908
730 1045
731 1045
732 499
733 581
734 583
735 509
736 455
737 511
738 584
739 455
740 591
741 516
742 517
743 2736
744 2754
745 2761
746 2913
747 384
748 3570
749 3570
750 3559
751 3571
752 3571
753 3571
754 3924
755 3519
756 3925
757 500
758 1395
759 2041
760 385
761 777
762 500
763 3925
764 2042
765 3719
766 2041
767 2041
768 2041
769 385
770 1223
771 753
772 876
773 1015
774 253
775 253
776 486
777 513
778 487
779 487
780 487
781 487
782 487
783 1045
784 499
785 499
786 581
787 499
788 499
789 583
790 584
791 398
792 515
793 516
794 2743
795 2754
796 2017
797 2017
798 2761
799 2913
800 387
801 386
802 592
803 463
804 2743
805 2754
806 2017
807 2017
808 2761
809 2914
810 441
811 3722
812 3740
813 3727
814 3727
815 3727
816 3727
817 3727
818 875
819 3508
820 3307
821 3519
822 3519
823 500
824 500
825 442
826 500
827 753
828 1411
829 1317
830 1478
831 2569
832 486
833 486
834 4148
835 543
836 543
837 487
838 487
839 2850
840 3944
841 284
842 786
843 447
844 581
845 582
846 447
847 582
848 582
849 399
850 679
851 588
852 594
853 590
854 2129
855 2130
856 2453
857 589
858 378
859 386
860 3364
861 2914
862 2914
863 378
864 3718
865 903
866 896
867 1024
868 1024
869 1024
870 1165
871 3555
872 3555
873 3547
874 3547
875 378
876 378
877 3728
878 1024
879 1024
880 1032
881 1032
882 1032
883 1032
884 891
885 893
886 564
887 572
888 661
889 1411
890 1478
891 2569
892 2569
893 2569
894 2569
895 2480
896 2480
897 543
898 513
899 455
900 394
901 394
902 397
903 486
904 2698
905 393
906 460
907 487
908 550
909 284
910 381
911 1480
912 1633
913 284
914 446
915 446
916 447
917 447
918 389
919 675
920 679
921 680
922 680
923 681
924 2223
925 590
926 1480
927 757
928 678
929 679
930 680
931 589
932 590
933 590
934 590
935 589
936 2743
937 2743
938 518
939 588
940 680
941 782
942 441
943 903
944 896
945 1032
946 1024
947 1165
948 1165
949 1165
950 1480
951 1480
952 1300
953 1314
954 890
955 891
956 2247
957 2569
958 2569
959 2569
960 2480
961 2480
962 513
963 455
964 455
965 394
966 503
967 773
968 503
969 504
970 495
971 1335
972 1335
973 1334
974 1340
975 446
976 773
977 773
978 773
979 774
980 775
981 775
982 776
983 781
984 782
985 782
986 783
987 680
988 2900
989 2743
990 2743
991 518
992 781
993 775
994 904
995 896
996 1480
997 1480
998 2743
999 2743
1000 2743
1001 2743
1002 518
1003 783
1004 2304
1005 905
1006 896
1007 1036
1008 1024
1009 1165
1010 1167
1011 1330
1012 3964
1013 1480
1014 1480
1015 1690
1016 4501
1017 4501
1018 2247
1019 2679
1020 2480
1021 2480
1022 2400
1023 4501
1024 4506
1025 2247
1026 2679
1027 2480
1028 2569
1029 2681
1030 2400
1031 455
1032 677
1033 514
1034 1027
1035 1027
1036 4676
1037 891
1038 892
1039 892
1040 892
1041 892
1042 891
1043 892
1044 894
1045 894
1046 894
1047 901
1048 902
1049 9
1050 1027
1051 1333
1052 1335
1053 901
1054 902
1055 902
1056 775
1057 775
1058 490
1059 489
1060 433
1061 434
1062 781
1063 2900
1064 2743
1065 680
1066 777
1067 2307
1068 900
1069 4799
1070 1335
1071 1480
1072 1335
1073 1335
1074 3180
1075 1690
1076 1927
1077 1696
1078 1690
1079 4754
1080 3612
1081 4093
1082 2384
1083 4310
1084 2679
1085 2679
1086 2569
1087 2321
1088 2321
1089 2400
1090 2247
1091 4174
1092 4364
1093 4501
1094 4501
1095 2679
1096 2569
1097 2682
1098 2400
1099 2400
1100 890
1101 1032
1102 1032
1103 1023
1104 2915
1105 1027
1106 1027
1107 891
1108 875
1109 1032
1110 1032
1111 1032
1112 1023
1113 1023
1114 1024
1115 1024
1116 1036
1117 1037
1118 902
1119 562
1120 2
1121 2915
1122 1027
1123 562
1124 562
1125 570
1126 489
1127 4777
1128 4799
1129 4806
1130 4806
1131 4806
1132 4806
1133 3431
1134 2664
1135 1835
1136 1723
1137 1579
1138 2845
1139 1159
1140 1732
1141 4482
1142 4482
1143 1835
1144 1723
1145 1579
1146 2845
1147 2329
1148 2329
1149 2406
1150 2400
1151 2401
1152 2055
1153 1495
1154 1458
1155 2400
1156 2483
1157 2400
1158 899
1159 1299
1160 883
1161 1032
1162 1032
1163 1023
1164 1165
1165 1165
1166 1458
1167 884
1168 884
1169 1165
1170 1165
1171 1165
1172 1165
1173 1024
1174 1034
1175 2915
1176 2915
1177 4799
1178 4921
1179 4799
1180 4799
1181 4799
1182 1947
1183 1946
1184 1949
1185 1723
1186 1579
1187 2845
1188 2399
1189 2399
1190 2246
1191 2406
1192 2400
1193 650
1194 2845
1195 2480
1196 2329
1197 2329
1198 2406
1199 736
1200 4167
1201 3492
1202 4514
1203 1464
1204 1633
1205 1633
1206 1633
1207 1633
1208 1480
1209 1480
1210 1482
1211 1634
1212 1289
1213 872
1214 1022
1215 1163
1216 1480
1217 1329
1218 1482
1219 3222
1220 1448
1221 872
1222 1481
1223 3252
1224 1299
1225 2915
1226 1027
1227 3163
1228 2915
1229 1534
1230 4921
1231 3163
1232 1363
1233 1366
1234 729
1235 2056
1236 2065
1237 1840
1238 2161
1239 1946
1240 2065
1241 1724
1242 1579
1243 2845
1244 2399
1245 2405
1246 2246
1247 1464
1248 1464
1249 1633
1250 1464
1251 1468
1252 2923
1253 2923
1254 2986
1255 3004
1256 3252
1257 1480
1258 1482
1259 1634
1260 1634
1261 4056
1262 2930
1263 2923
1264 3827
1265 1448
1266 1634
1267 1482
1268 1347
1269 1353
1270 1638
1271 4056
1272 2930
1273 3222
1274 1290
1275 1518
1276 1518
1277 1638
1278 3173
1279 3233
1280 2988
1281 3163
1282 2591
1283 3250
1284 1782
1285 2976
1286 2765
1287 2765
1288 3250
1289 2986
1290 1782
1291 2976
1292 1634
1293 1640
1294 4056
1295 4056
1296 4042
1297 3827
1298 2361
1299 1638
1300 1638
1301 1483
1302 4056
1303 4042
1304 4027
1305 5142
1306 1638
1307 1791
1308 4042
1309 3814
1310 4241
1311 1534
1312 4043
1313 5142
1314 4056
1315 3826
1316 4241
1317 4042
1318 3804
1319 4222
1320 3679
1321 3768
1322 3679
1323 3679
1324 3768
1325 3634
1326 3259
1327 3259
1328 3259
1329 3259
1330 3259
1331 3259
1332 4258
1333 2446
1334 2593
1335 2593
1336 4020
1337 4020
1338 2594
1339 4020
1340 4020
1341 4533
1342 1010
1343 1010
1344 3679
1345 3768
1346 1010
1347 3679
1348 3768
1349 3093
1350 3093
1351 3634
1352 3476
1353 3476
1354 3259
1355 3476
1356 3661
1357 3049
1358 3070
1359 4459
1360 3476
1361 3661
1362 856
1363 856
1364 3006
1365 2989
1366 3049
1367 4459
1368 4459
1369 3635
1370 3259
1371 3499
1372 2158
1373 4370
1374 4369
1375 1135
1376 860
1377 856
1378 2988
1379 2447
1380 2430
1381 2533
1382 4450
1383 4258
1384 4258
1385 4258
1386 4369
1387 4369
1388 2622
1389 1135
1390 1285
1391 2512
1392 2447
1393 2435
1394 2507
1395 4460
1396 4268
1397 4868
1398 4421
1399 4020
1400 4020
1401 4020
1402 2616
1403 2614
1404 2524
1405 2441
1406 2435
1407 2446
1408 4814
1409 4421
1410 4020
1411 4020
1412 4802
1413 4533
1414 1010
1415 1010
1416 4083
1417 214
1418 2440
1419 2446
1420 2446
1421 519
1422 2922
1423 1041
1424 3165
1425 2986
1426 3004
1427 4704
1428 3357
1429 3357
1430 4704
1431 3093
1432 3093
1433 4606
1434 1874
1435 1758
1436 1599
1437 3093
1438 3093
1439 3661
1440 3661
1441 1874
1442 1599
1443 2347
1444 1431
1445 846
1446 1883
1447 856
1448 856
1449 3006
1450 3222
1451 2431
1452 2431
1453 3093
1454 4459
1455 4241
1456 4460
1457 4258
1458 1874
1459 5103
1460 846
1461 845
1462 1883
1463 2597
1464 2629
1465 3671
1466 3499
1467 3499
1468 4369
1469 993
1470 860
1471 994
1472 3222
1473 2431
1474 2431
1475 3834
1476 3635
1477 3635
1478 4460
1479 1874
1480 1599
1481 2857
1482 3671
1483 2167
1484 3681
1485 4356
1486 3968
1487 3969
1488 2614
1489 994
1490 3222
1491 2446
1492 2533
1493 2446
1494 4729
1495 4041
1496 4050
1497 3834
1498 4460
1499 1759
1500 1600
1501 4462
1502 4824
1503 5047
1504 5047
1505 5094
1506 3691
1507 3759
1508 3759
1509 3961
1510 2741
1511 2741
1512 214
1513 922
1514 343
1515 1600
1516 4868
1517 4421
1518 4812
1519 4812
1520 5047
1521 5047
1522 4802
1523 3759
1524 3759
1525 3759
1526 215
1527 214
1528 923
1529 2446
1530 2446
1531 3351
1532 259
1533 257
1534 209
1535 923
1536 2446
1537 2446
1538 257
1539 210
1540 796
1541 2440
1542 798
1543 689
1544 5116
1545 5116
1546 2923
1547 2923
1548 2923
1549 2923
1550 2923
1551 5116
1552 4868
1553 2923
1554 2923
1555 3410
1556 2923
1557 2917
1558 2986
1559 2987
1560 2366
1561 3645
1562 3457
1563 3468
1564 4704
1565 4704
1566 4824
1567 2917
1568 2923
1569 2921
1570 2765
1571 3170
1572 3003
1573 2987
1574 1783
1575 3457
1576 3469
1577 3457
1578 4704
1579 4704
1580 4823
1581 4823
1582 2923
1583 2921
1584 1041
1585 1041
1586 4653
1587 3022
1588 1477
1589 3457
1590 3481
1591 3261
1592 4704
1593 4704
1594 4717
1595 1758
1596 1758
1597 3838
1598 1027
1599 1027
1600 1014
1601 1012
1602 3457
1603 3457
1604 3457
1605 3468
1606 4717
1607 4827
1608 1758
1609 1873
1610 1599
1611 1599
1612 1028
1613 1158
1614 1158
1615 2579
1616 3645
1617 3645
1618 3457
1619 3457
1620 3468
1621 3357
1622 3356
1623 3356
1624 1874
1625 1599
1626 4462
1627 4648
1628 2406
1629 2579
1630 2696
1631 2696
1632 2697
1633 2413
1634 650
1635 845
1636 845
1637 4747
1638 3645
1639 2931
1640 3298
1641 3316
1642 3468
1643 3356
1644 3356
1645 1874
1646 5103
1647 1599
1648 1599
1649 2697
1650 2486
1651 2348
1652 2347
1653 845
1654 845
1655 2108
1656 3669
1657 2728
1658 3486
1659 3499
1660 2446
1661 2440
1662 4184
1663 4380
1664 4380
1665 4380
1666 4184
1667 4813
1668 4050
1669 1874
1670 4468
1671 1599
1672 1599
1673 983
1674 2278
1675 1613
1676 2734
1677 2881
1678 2881
1679 3680
1680 3680
1681 3105
1682 2441
1683 4544
1684 4544
1685 4184
1686 2780
1687 4859
1688 4041
1689 3834
1690 3834
1691 1758
1692 1758
1693 4462
1694 4462
1695 4813
1696 1498
1697 1498
1698 2879
1699 2733
1700 2886
1701 2054
1702 3106
1703 3691
1704 3759
1705 3759
1706 922
1707 2878
1708 2054
1709 2166
1710 3691
1711 3758
1712 3351
1713 3351
1714 3351
1715 923
1716 2165
1717 2156
1718 3755
1719 3539
1720 3351
1721 258
1722 258
1723 2441
1724 2440
1725 4278
1726 4154
1727 3577
1728 3540
1729 3351
1730 258
1731 257
1732 214
1733 2441
1734 2433
1735 3365
1736 3366
1737 319
1738 257
1739 796
1740 2440
1741 793
1742 320
1743 319
1744 210
1745 2733
1746 793
1747 923
1748 793
1749 1047
1750 3451
1751 3451
1752 3222
1753 1621
1754 1518
1755 4570
1756 4571
1757 4421
1758 5116
1759 5116
1760 3236
1761 3236
1762 4413
1763 4431
1764 3242
1765 3242
1766 3457
1767 3243
1768 1518
1769 4570
1770 5099
1771 4824
1772 4373
1773 2923
1774 3236
1775 3236
1776 3236
1777 4433
1778 4432
1779 3242
1780 3242
1781 3242
1782 3457
1783 3645
1784 3645
1785 3645
1786 3645
1787 4704
1788 4569
1789 4824
1790 4824
1791 4831
1792 2922
1793 2923
1794 2921
1795 3087
1796 3087
1797 2366
1798 2534
1799 4433
1800 4433
1801 4594
1802 3469
1803 3244
1804 3469
1805 3457
1806 3457
1807 3457
1808 4704
1809 4813
1810 4823
1811 1599
1812 2922
1813 2917
1814 2923
1815 1041
1816 1041
1817 4413
1818 4413
1819 4413
1820 3457
1821 3457
1822 3457
1823 3468
1824 3457
1825 3457
1826 4704
1827 4840
1828 1599
1829 1758
1830 2932
1831 2929
1832 1042
1833 1170
1834 1171
1835 1158
1836 4413
1837 3469
1838 3469
1839 3457
1840 3645
1841 3457
1842 3457
1843 4717
1844 4717
1845 1873
1846 1600
1847 3839
1848 1042
1849 1179
1850 1171
1851 1158
1852 4648
1853 2328
1854 3645
1855 3298
1856 3645
1857 3357
1858 4839
1859 4827
1860 4832
1861 1042
1862 1179
1863 1332
1864 1333
1865 4764
1866 3929
1867 4143
1868 2406
1869 2580
1870 2580
1871 2697
1872 2488
1873 3849
1874 4763
1875 2916
1876 1027
1877 1027
1878 1329
1879 4878
1880 4878
1881 2937
1882 2931
1883 3316
1884 3337
1885 4839
1886 4839
1887 3356
1888 3356
1889 4824
1890 1339
1891 1335
1892 4769
1893 2965
1894 2973
1895 3946
1896 2246
1897 2406
1898 2486
1899 2486
1900 2348
1901 2348
1902 2440
1903 1027
1904 1027
1905 4756
1906 1329
1907 4878
1908 4878
1909 4877
1910 4380
1911 4813
1912 3094
1913 3337
1914 2780
1915 4813
1916 5076
1917 5012
1918 1758
1919 4813
1920 4824
1921 4763
1922 3945
1923 3945
1924 3954
1925 3952
1926 4159
1927 4157
1928 2166
1929 1937
1930 3108
1931 2733
1932 923
1933 4184
1934 4184
1935 2780
1936 5076
1937 4827
1938 4813
1939 4824
1940 4878
1941 1498
1942 1496
1943 3953
1944 4159
1945 4350
1946 3106
1947 3107
1948 3107
1949 2733
1950 2879
1951 3108
1952 1937
1953 214
1954 3680
1955 3680
1956 3107
1957 1938
1958 2056
1959 1938
1960 1946
1961 3108
1962 1937
1963 3124
1964 214
1965 2756
1966 2597
1967 2598
1968 2918
1969 2589
1970 3850
1971 1336
1972 2717
1973 3680
1974 4158
1975 2156
1976 923
1977 4278
1978 3669
1979 2597
1980 2056
1981 3877
1982 763
1983 2156
1984 3754
1985 3576
1986 923
1987 3867
1988 4083
1989 886
1990 763
1991 3145
1992 3381
1993 3140
1994 3141
1995 920
1996 920
1997 3406
1998 3396
1999 3153
2000 3146
2001 3141
2002 3141
2003 3137
2004 210
2005 2733
2006 920
2007 3477
2008 3146
2009 3145
2010 3142
2011 2890
2012 2892
2013 3066
2014 920
2015 3142
2016 3331
2017 2893
2018 3066
2019 3067
2020 1472
2021 1472
2022 610
2023 3233
2024 3681
2025 3085
2026 3313
2027 2263
2028 1472
2029 1472
2030 3218
2031 2986
2032 1621
2033 1481
2034 1329
2035 1481
2036 1481
2037 1482
2038 1638
2039 1518
2040 1353
2041 3236
2042 3236
2043 4413
2044 4432
2045 4433
2046 3457
2047 3457
2048 3457
2049 3645
2050 3645
2051 2937
2052 2931
2053 4055
2054 4271
2055 1638
2056 1638
2057 1518
2058 4570
2059 4570
2060 2366
2061 3236
2062 3252
2063 3236
2064 4433
2065 3457
2066 3243
2067 3645
2068 2937
2069 3833
2070 3833
2071 4271
2072 1634
2073 1638
2074 1638
2075 4570
2076 4824
2077 4824
2078 4413
2079 4413
2080 4413
2081 4433
2082 4433
2083 3457
2084 3645
2085 2937
2086 4823
2087 4813
2088 4823
2089 4831
2090 1599
2091 2932
2092 2932
2093 3410
2094 4434
2095 4413
2096 4413
2097 4433
2098 3016
2099 3468
2100 3457
2101 3457
2102 3468
2103 3468
2104 4830
2105 4823
2106 4268
2107 3179
2108 3410
2109 2765
2110 3273
2111 4434
2112 4240
2113 4450
2114 3476
2115 3645
2116 3645
2117 3457
2118 3645
2119 3468
2120 3468
2121 4840
2122 1758
2123 3839
2124 1042
2125 1042
2126 3273
2127 3273
2128 3273
2129 3273
2130 3273
2131 4878
2132 4878
2133 1640
2134 4064
2135 4813
2136 2937
2137 2937
2138 3457
2139 3457
2140 4840
2141 1758
2142 3839
2143 4271
2144 1042
2145 1179
2146 1333
2147 1333
2148 3929
2149 3929
2150 3929
2151 3273
2152 3273
2153 3273
2154 3273
2155 4264
2156 1300
2157 4883
2158 4763
2159 1041
2160 1482
2161 4878
2162 1497
2163 4379
2164 4881
2165 4813
2166 2780
2167 4933
2168 4933
2169 1758
2170 4832
2171 4271
2172 1515
2173 1339
2174 4769
2175 4769
2176 3929
2177 3929
2178 3937
2179 3947
2180 3946
2181 2731
2182 883
2183 1027
2184 4756
2185 1482
2186 4878
2187 4182
2188 4877
2189 4813
2190 2780
2191 3337
2192 2937
2193 2780
2194 1758
2195 1758
2196 4824
2197 3839
2198 1515
2199 1482
2200 1482
2201 4903
2202 2973
2203 3928
2204 3936
2205 3945
2206 4145
2207 3954
2208 3952
2209 2731
2210 1602
2211 1482
2212 3853
2213 1498
2214 3936
2215 3936
2216 4145
2217 4153
2218 3953
2219 4159
2220 4157
2221 4350
2222 257
2223 4144
2224 4152
2225 3959
2226 885
2227 3681
2228 3107
2229 3107
2230 2864
2231 2597
2232 257
2233 4173
2234 4396
2235 2905
2236 3500
2237 3671
2238 2864
2239 3870
2240 3490
2241 3490
2242 3658
2243 3490
2244 2597
2245 1947
2246 215
2247 4083
2248 2733
2249 1482
2250 1669
2251 1481
2252 4648
2253 4083
2254 877
2255 922
2256 1482
2257 1482
2258 1481
2259 3401
2260 4083
2261 3391
2262 3146
2263 3477
2264 3666
2265 4879
2266 4763
2267 4763
2268 4083
2269 3681
2270 3691
2271 3146
2272 3142
2273 732
2274 3477
2275 4879
2276 4570
2277 1660
2278 4373
2279 4883
2280 2055
2281 3153
2282 3682
2283 3331
2284 2896
2285 2893
2286 2636
2287 2642
2288 1472
2289 610
2290 2986
2291 1503
2292 4882
2293 4369
2294 3160
2295 3681
2296 3682
2297 3107
2298 3085
2299 3312
2300 2636
2301 2642
2302 2986
2303 2539
2304 2986
2305 5068
2306 5068
2307 4271
2308 4378
2309 1638
2310 1482
2311 1481
2312 1845
2313 3017
2314 4544
2315 4378
2316 1638
2317 1638
2318 1482
2319 1482
2320 1482
2321 4413
2322 3017
2323 4714
2324 4594
2325 3645
2326 3645
2327 3847
2328 3833
2329 2937
2330 1640
2331 1640
2332 3839
2333 4065
2334 4271
2335 1482
2336 1638
2337 1638
2338 4433
2339 3645
2340 2937
2341 2937
2342 1634
2343 1638
2344 1638
2345 4824
2346 4824
2347 4824
2348 4240
2349 4594
2350 3645
2351 3468
2352 2937
2353 2937
2354 4813
2355 4813
2356 4831
2357 1600
2358 4451
2359 3034
2360 3034
2361 4830
2362 3468
2363 2937
2364 4813
2365 4813
2366 4813
2367 4823
2368 1758
2369 3273
2370 4463
2371 4463
2372 4813
2373 2937
2374 2937
2375 2937
2376 4823
2377 1758
2378 3273
2379 3273
2380 3476
2381 4463
2382 3514
2383 4182
2384 4379
2385 1484
2386 2780
2387 2937
2388 4830
2389 1758
2390 1758
2391 4271
2392 3273
2393 3273
2394 3273
2395 4264
2396 1300
2397 1300
2398 4882
2399 4882
2400 4878
2401 4182
2402 1483
2403 1483
2404 1652
2405 4813
2406 1643
2407 2937
2408 1758
2409 1758
2410 1184
2411 1344
2412 1515
2413 1300
2414 1314
2415 4616
2416 1602
2417 1758
2418 4054
2419 3839
2420 4271
2421 1515
2422 1482
2423 1792
2424 1496
2425 3918
2426 2973
2427 3937
2428 3138
2429 2890
2430 4862
2431 1602
2432 3839
2433 4066
2434 1482
2435 1482
2436 1496
2437 3866
2438 4125
2439 4137
2440 3936
2441 4144
2442 3955
2443 3138
2444 3867
2445 4082
2446 4082
2447 4136
2448 4124
2449 3909
2450 4152
2451 4345
2452 4356
2453 2745
2454 259
2455 2157
2456 4094
2457 4124
2458 4151
2459 4343
2460 4356
2461 4355
2462 4349
2463 2904
2464 2911
2465 2597
2466 2597
2467 2598
2468 3490
2469 3669
2470 2884
2471 4349
2472 4363
2473 3677
2474 2759
2475 4674
2476 4674
2477 3186
2478 4921
2479 4698
2480 4878
2481 1482
2482 1669
2483 1481
2484 3876
2485 2915
2486 3180
2487 3186
2488 4911
2489 4698
2490 4698
2491 1482
2492 1669
2493 1481
2494 4763
2495 4083
2496 3666
2497 4967
2498 4876
2499 4570
2500 1518
2501 1518
2502 1515
2503 1661
2504 4763
2505 3864
2506 610
2507 610
2508 4967
2509 4570
2510 4571
2511 1518
2512 1638
2513 1518
2514 3490
2515 4883
2516 3499
2517 3650
2518 732
2519 632
2520 618
2521 2986
2522 2986
2523 1675
2524 3653
2525 4535
2526 3290
2527 4343
2528 3681
2529 2975
2530 2534
2531 4042
2532 3019
2533 2446
2534 2446
2535 2446
2536 2433
2537 601
2538 598
2539 685
2540 3056
2541 1508
2542 1671
2543 1347
2544 4599
2545 4589
2546 4732
2547 2917
2548 2917
2549 2925
2550 4271
2551 4378
2552 3019
2553 2433
2554 2433
2555 2526
2556 2519
2557 601
2558 687
2559 3057
2560 1493
2561 1508
2562 1670
2563 5105
2564 4740
2565 3184
2566 2932
2567 2931
2568 4271
2569 4271
2570 1483
2571 3019
2572 2433
2573 2520
2574 2520
2575 2520
2576 2524
2577 2519
2578 2759
2579 3162
2580 1508
2581 1671
2582 4901
2583 5129
2584 4738
2585 3833
2586 3833
2587 1640
2588 1640
2589 4055
2590 4066
2591 3019
2592 2624
2593 2520
2594 2520
2595 2520
2596 2520
2597 2623
2598 2759
2599 2765
2600 1042
2601 4985
2602 3833
2603 2937
2604 2937
2605 2937
2606 3286
2607 3121
2608 4024
2609 3019
2610 2624
2611 2520
2612 2614
2613 2614
2614 2623
2615 2629
2616 2759
2617 2766
2618 4831
2619 2937
2620 2937
2621 2937
2622 4813
2623 4738
2624 3304
2625 4024
2626 4451
2627 2630
2628 2624
2629 2623
2630 2622
2631 2622
2632 2629
2633 2759
2634 2766
2635 4065
2636 4813
2637 2937
2638 2937
2639 2937
2640 4813
2641 4813
2642 4813
2643 4823
2644 4451
2645 4451
2646 2632
2647 2765
2648 2759
2649 2628
2650 2622
2651 3672
2652 2520
2653 2759
2654 3643
2655 3644
2656 2937
2657 2937
2658 2937
2659 2937
2660 4823
2661 1758
2662 1992
2663 1992
2664 4653
2665 2629
2666 2628
2667 2622
2668 2753
2669 2520
2670 2759
2671 4532
2672 3650
2673 4379
2674 4881
2675 1640
2676 2937
2677 2937
2678 2937
2679 2937
2680 4738
2681 1758
2682 1758
2683 1174
2684 3677
2685 1640
2686 1643
2687 2931
2688 1641
2689 2931
2690 1758
2691 1758
2692 1758
2693 3498
2694 1314
2695 3644
2696 4373
2697 3643
2698 3643
2699 3643
2700 2871
2701 3838
2702 3839
2703 4066
2704 1482
2705 1661
2706 1640
2707 3138
2708 3497
2709 2869
2710 2869
2711 2766
2712 2869
2713 2766
2714 4066
2715 4068
2716 4079
2717 4763
2718 1496
2719 4136
2720 3508
2721 3508
2722 3487
2723 2727
2724 2727
2725 2879
2726 2879
2727 1946
2728 4082
2729 3877
2730 4094
2731 4142
2732 29
2733 4124
2734 3687
2735 2885
2736 2891
2737 2890
2738 2889
2739 1945
2740 4094
2741 4345
2742 4135
2743 4327
2744 4130
2745 4507
2746 4357
2747 4349
2748 4349
2749 3688
2750 3137
2751 3137
2752 3141
2753 2156
2754 4152
2755 4332
2756 4134
2757 4134
2758 4134
2759 4357
2760 4355
2761 3888
2762 3577
2763 3936
2764 2329
2765 4514
2766 4338
2767 4337
2768 4357
2769 4357
2770 4357
2771 4550
2772 2915
2773 3180
2774 3186
2775 4722
2776 4698
2777 3677
2778 3944
2779 862
2780 4338
2781 4364
2782 4369
2783 4356
2784 3751
2785 2915
2786 3186
2787 3186
2788 4921
2789 4698
2790 4698
2791 1482
2792 1640
2793 1488
2794 3666
2795 4570
2796 1651
2797 4570
2798 1518
2799 1638
2800 1488
2801 4078
2802 4078
2803 4168
2804 535
2805 535
2806 4570
2807 4570
2808 4570
2809 1518
2810 1652
2811 3644
2812 3865
2813 3650
2814 632
2815 535
2816 535
2817 3643
2818 2986
2819 3827
2820 3319
2821 2533
2822 2533
2823 2533
2824 599
2825 599
2826 598
2827 1669
2828 1521
2829 844
2830 4042
2831 4042
2832 3074
2833 3282
2834 2446
2835 2533
2836 2446
2837 599
2838 598
2839 598
2840 685
2841 4521
2842 1347
2843 4589
2844 5068
2845 5068
2846 978
2847 1998
2848 4042
2849 3282
2850 3282
2851 1508
2852 1671
2853 1347
2854 1347
2855 1521
2856 4589
2857 2937
2858 3166
2859 1998
2860 1880
2861 1760
2862 3282
2863 3282
2864 2520
2865 1515
2866 1671
2867 1353
2868 4600
2869 4842
2870 2932
2871 1640
2872 3119
2873 3119
2874 4054
2875 3282
2876 3265
2877 2520
2878 4271
2879 4271
2880 4901
2881 3179
2882 4621
2883 2937
2884 54
2885 65
2886 65
2887 2724
2888 3813
2889 3813
2890 3282
2891 3265
2892 2629
2893 4271
2894 4985
2895 3179
2896 4842
2897 2937
2898 2937
2899 2937
2900 52
2901 3637
2902 4024
2903 3637
2904 3282
2905 3265
2906 2617
2907 4065
2908 4900
2909 4900
2910 4842
2911 2937
2912 2937
2913 2937
2914 3636
2915 4460
2916 4467
2917 1663
2918 1663
2919 2753
2920 3672
2921 2759
2922 2766
2923 4064
2924 4381
2925 4813
2926 2937
2927 4824
2928 2937
2929 2937
2930 2937
2931 1870
2932 4096
2933 3683
2934 3672
2935 2520
2936 4664
2937 3650
2938 4077
2939 4813
2940 4380
2941 4824
2942 1652
2943 2917
2944 2917
2945 2937
2946 2937
2947 1939
2948 3644
2949 3644
2950 1049
2951 4532
2952 2917
2953 2917
2954 2917
2955 3677
2956 3658
2957 2765
2958 2765
2959 4532
2960 3644
2961 2869
2962 3088
2963 2871
2964 2871
2965 3088
2966 3888
2967 1336
2968 1336
2969 1336
2970 3477
2971 3658
2972 3477
2973 2722
2974 2871
2975 3088
2976 4079
2977 3508
2978 4133
2979 2733
2980 2886
2981 2726
2982 2726
2983 2727
2984 2885
2985 2885
2986 4133
2987 4133
2988 1315
2989 1315
2990 2890
2991 2890
2992 2890
2993 2890
2994 3137
2995 3137
2996 4343
2997 4336
2998 890
2999 890
3000 891
3001 3141
3002 3141
3003 3141
3004 3382
3005 3577
3006 4514
3007 4315
3008 770
3009 770
3010 502
3011 502
3012 3380
3013 3380
3014 3720
3015 2246
3016 854
3017 860
3018 4514
3019 4332
3020 4357
3021 4357
3022 3404
3023 4102
3024 445
3025 387
3026 387
3027 3729
3028 3720
3029 2329
3030 860
3031 1002
3032 4369
3033 4369
3034 4357
3035 2758
3036 3186
3037 4284
3038 387
3039 387
3040 3729
3041 3729
3042 4698
3043 4079
3044 4078
3045 4181
3046 610
3047 610
3048 387
3049 3729
3050 3920
3051 610
3052 3720
3053 4404
3054 1454
3055 3319
3056 3319
3057 2431
3058 2431
3059 599
3060 4590
3061 844
3062 4042
3063 4042
3064 3165
3065 3165
3066 3074
3067 1521
3068 1347
3069 1521
3070 974
3071 1880
3072 1880
3073 3165
3074 3074
3075 1347
3076 1347
3077 1521
3078 1521
3079 4599
3080 4475
3081 1998
3082 1880
3083 4261
3084 3074
3085 4271
3086 1352
3087 1347
3088 1521
3089 1521
3090 1521
3091 4589
3092 4868
3093 4475
3094 3119
3095 3119
3096 4243
3097 2772
3098 2924
3099 3053
3100 4271
3101 4271
3102 1347
3103 1521
3104 1347
3105 4710
3106 4589
3107 4741
3108 2922
3109 54
3110 65
3111 54
3112 4075
3113 2925
3114 2772
3115 3039
3116 4271
3117 4271
3118 1347
3119 4588
3120 4709
3121 4708
3122 4832
3123 2922
3124 65
3125 65
3126 3507
3127 3246
3128 3886
3129 3074
3130 4271
3131 4589
3132 4833
3133 4832
3134 4824
3135 1487
3136 3455
3137 4096
3138 4096
3139 3074
3140 3851
3141 4065
3142 4544
3143 4824
3144 4868
3145 1641
3146 1641
3147 2917
3148 3455
3149 4096
3150 4096
3151 4271
3152 4278
3153 4741
3154 4824
3155 4824
3156 1498
3157 2917
3158 4373
3159 2917
3160 2068
3161 4949
3162 4066
3163 4066
3164 2765
3165 2765
3166 2765
3167 3644
3168 2765
3169 4532
3170 1485
3171 2917
3172 1487
3173 3876
3174 3490
3175 1336
3176 3164
3177 3477
3178 3658
3179 3658
3180 3658
3181 4532
3182 4532
3183 1652
3184 3857
3185 3857
3186 2871
3187 2871
3188 3088
3189 3677
3190 4288
3191 3486
3192 3486
3193 3274
3194 3486
3195 3486
3196 3486
3197 3486
3198 4336
3199 766
3200 1150
3201 1300
3202 1300
3203 1300
3204 1314
3205 3900
3206 4336
3207 1150
3208 1315
3209 1316
3210 1316
3211 1315
3212 1315
3213 3143
3214 4315
3215 4315
3216 768
3217 768
3218 768
3219 890
3220 890
3221 891
3222 770
3223 4306
3224 769
3225 769
3226 769
3227 769
3228 769
3229 770
3230 445
3231 444
3232 854
3233 854
3234 4637
3235 770
3236 771
3237 772
3238 773
3239 445
3240 387
3241 387
3242 854
3243 854
3244 1136
3245 4297
3246 4754
3247 4181
3248 4181
3249 4895
3250 505
3251 772
3252 773
3253 445
3254 387
3255 387
3256 3729
3257 4754
3258 4754
3259 4181
3260 4181
3261 4895
3262 506
3263 773
3264 773
3265 445
3266 3729
3267 3729
3268 3938
3269 4895
3270 503
3271 503
3272 3385
3273 3577
3274 4152
3275 3911
3276 3904
3277 3760
3278 3760
3279 3767
3280 3767
3281 3767
3282 1669
3283 1669
3284 4055
3285 4055
3286 4208
3287 4209
3288 3534
3289 1669
3290 1507
3291 1507
3292 4055
3293 4261
3294 4422
3295 4208
3296 3534
3297 3533
3298 1508
3299 1508
3300 1508
3301 3838
3302 4261
3303 4776
3304 4776
3305 1647
3306 1508
3307 1647
3308 4054
3309 4261
3310 4776
3311 2918
3312 1636
3313 1647
3314 3320
3315 4054
3316 4243
3317 5109
3318 1636
3319 1494
3320 3284
3321 4271
3322 1352
3323 1521
3324 1521
3325 1521
3326 4054
3327 4260
3328 1628
3329 3041
3330 3284
3331 4271
3332 4271
3333 1347
3334 1521
3335 4588
3336 4598
3337 4832
3338 4868
3339 2724
3340 3004
3341 2987
3342 3053
3343 1503
3344 4055
3345 1634
3346 1354
3347 1354
3348 4589
3349 4589
3350 4721
3351 4868
3352 4290
3353 3074
3354 4065
3355 4421
3356 1354
3357 1354
3358 4589
3359 4589
3360 4732
3361 4741
3362 4868
3363 1748
3364 4780
3365 4271
3366 4421
3367 5105
3368 4608
3369 4949
3370 2765
3371 2762
3372 3838
3373 3838
3374 3839
3375 3839
3376 2917
3377 2917
3378 1487
3379 4278
3380 4228
3381 2765
3382 2759
3383 2766
3384 2722
3385 3644
3386 3490
3387 2921
3388 3644
3389 3644
3390 2722
3391 3643
3392 2722
3393 1487
3394 1487
3395 4285
3396 4891
3397 1049
3398 2599
3399 2597
3400 2056
3401 2056
3402 2915
3403 2056
3404 2056
3405 1472
3406 1487
3407 3643
3408 4492
3409 4550
3410 3671
3411 2167
3412 764
3413 2745
3414 2745
3415 766
3416 766
3417 4315
3418 4306
3419 3680
3420 3680
3421 877
3422 1017
3423 887
3424 1150
3425 1150
3426 4497
3427 1030
3428 1030
3429 889
3430 889
3431 889
3432 889
3433 889
3434 4497
3435 4497
3436 890
3437 890
3438 768
3439 768
3440 768
3441 771
3442 4497
3443 4492
3444 768
3445 768
3446 768
3447 769
3448 771
3449 771
3450 4630
3451 768
3452 768
3453 4325
3454 768
3455 771
3456 672
3457 505
3458 4752
3459 4754
3460 4757
3461 4181
3462 4895
3463 4330
3464 567
3465 4325
3466 577
3467 771
3468 505
3469 562
3470 4751
3471 4754
3472 4182
3473 4332
3474 4331
3475 568
3476 577
3477 771
3478 772
3479 773
3480 756
3481 568
3482 568
3483 668
3484 769
3485 504
3486 503
3487 3385
3488 657
3489 4331
3490 667
3491 668
3492 4327
3493 3583
3494 3760
3495 3760
3496 3760
3497 4507
3498 4134
3499 4332
3500 3512
3501 3767
3502 3767
3503 4332
3504 1140
3505 4514
3506 2747
3507 2752
3508 1000
3509 2751
3510 2512
3511 3155
3512 3179
3513 3179
3514 4198
3515 4588
3516 1341
3517 4589
3518 4590
3519 4405
3520 4405
3521 3534
3522 3534
3523 1670
3524 1508
3525 1669
3526 3179
3527 3179
3528 3179
3529 4588
3530 4589
3531 4403
3532 4423
3533 4423
3534 4405
3535 3534
3536 3546
3537 1672
3538 1669
3539 1507
3540 2937
3541 2937
3542 4824
3543 4813
3544 4421
3545 5116
3546 4422
3547 4422
3548 4208
3549 3534
3550 3546
3551 1672
3552 1508
3553 1508
3554 3844
3555 3844
3556 2937
3557 4893
3558 4599
3559 4776
3560 1509
3561 1647
3562 3844
3563 3844
3564 2937
3565 4893
3566 4732
3567 4776
3568 1477
3569 1636
3570 3844
3571 4743
3572 5129
3573 4697
3574 1477
3575 1477
3576 4849
3577 4849
3578 4227
3579 1290
3580 1290
3581 1353
3582 1444
3583 1444
3584 3004
3585 3004
3586 4041
3587 1640
3588 4272
3589 1354
3590 1354
3591 742
3592 1444
3593 4842
3594 4271
3595 1354
3596 1354
3597 4721
3598 4722
3599 4544
3600 5105
3601 1354
3602 4589
3603 4722
3604 4722
3605 4608
3606 2765
3607 2929
3608 3838
3609 3837
3610 1499
3611 1354
3612 1354
3613 3854
3614 3654
3615 4722
3616 4722
3617 2765
3618 2759
3619 2759
3620 3857
3621 1502
3622 1498
3623 3644
3624 2765
3625 3857
3626 2871
3627 4472
3628 3654
3629 4770
3630 4891
3631 2759
3632 2759
3633 2758
3634 2729
3635 2056
3636 2597
3637 4472
3638 4764
3639 4770
3640 4526
3641 2757
3642 2757
3643 3671
3644 3500
3645 3680
3646 3680
3647 4486
3648 4649
3649 4648
3650 2757
3651 3500
3652 3680
3653 3680
3654 3680
3655 4094
3656 1021
3657 4630
3658 4649
3659 4357
3660 4357
3661 3880
3662 664
3663 763
3664 1030
3665 890
3666 4492
3667 4630
3668 4344
3669 664
3670 664
3671 889
3672 890
3673 890
3674 4630
3675 4630
3676 877
3677 885
3678 1150
3679 889
3680 768
3681 768
3682 4628
3683 2560
3684 1506
3685 4333
3686 767
3687 4507
3688 768
3689 4507
3690 4751
3691 4751
3692 4754
3693 4876
3694 4876
3695 2779
3696 767
3697 4332
3698 4332
3699 4332
3700 4332
3701 3768
3702 568
3703 4333
3704 4338
3705 4338
3706 4338
3707 4331
3708 4331
3709 568
3710 2910
3711 3157
3712 4559
3713 4559
3714 4338
3715 4513
3716 4331
3717 4881
3718 655
3719 657
3720 657
3721 4338
3722 4513
3723 4331
3724 667
3725 667
3726 657
3727 657
3728 4338
3729 4332
3730 4331
3731 667
3732 4134
3733 4333
3734 2748
3735 4332
3736 4338
3737 4338
3738 1140
3739 3772
3740 2599
3741 747
3742 747
3743 1458
3744 1135
3745 1289
3746 2601
3747 3179
3748 4055
3749 2773
3750 5063
3751 4996
3752 4588
3753 4588
3754 4422
3755 4422
3756 4207
3757 4405
3758 4824
3759 2937
3760 3179
3761 4996
3762 4571
3763 4588
3764 4589
3765 4590
3766 4422
3767 4405
3768 4209
3769 3534
3770 1672
3771 4824
3772 4813
3773 4813
3774 4588
3775 4589
3776 4589
3777 4589
3778 4574
3779 1672
3780 3844
3781 3844
3782 4823
3783 4706
3784 4813
3785 4598
3786 1494
3787 4060
3788 3844
3789 4840
3790 4706
3791 4813
3792 4598
3793 4599
3794 1628
3795 4937
3796 4937
3797 4849
3798 4586
3799 1628
3800 4937
3801 4937
3802 4227
3803 1290
3804 742
3805 742
3806 4842
3807 742
3808 742
3809 4421
3810 4271
3811 4626
3812 1354
3813 3653
3814 3339
3815 3837
3816 3332
3817 1787
3818 3837
3819 1354
3820 1354
3821 3654
3822 3654
3823 3109
3824 3109
3825 4472
3826 1354
3827 3854
3828 3654
3829 4764
3830 4751
3831 4751
3832 3654
3833 3654
3834 4764
3835 4765
3836 2757
3837 3500
3838 4751
3839 4751
3840 4764
3841 4764
3842 4655
3843 4648
3844 2757
3845 4349
3846 4357
3847 4629
3848 4629
3849 4764
3850 4765
3851 4371
3852 4364
3853 4364
3854 4357
3855 4357
3856 4344
3857 4344
3858 4750
3859 4764
3860 4765
3861 4364
3862 4364
3863 4371
3864 4364
3865 2255
3866 4357
3867 4343
3868 664
3869 4633
3870 2560
3871 4764
3872 4371
3873 4371
3874 4371
3875 4364
3876 886
3877 886
3878 886
3879 885
3880 1694
3881 4751
3882 4371
3883 4530
3884 4648
3885 757
3886 3157
3887 2745
3888 887
3889 4751
3890 4876
3891 4876
3892 4876
3893 4648
3894 2779
3895 3157
3896 4517
3897 4333
3898 4333
3899 4333
3900 3404
3901 4653
3902 2910
3903 2910
3904 4333
3905 4338
3906 4340
3907 4514
3908 4514
3909 2910
3910 2910
3911 4526
3912 4559
3913 4559
3914 4514
3915 4513
3916 4568
3917 4559
3918 4677
3919 4684
3920 1506
3921 4517
3922 4338
3923 4568
3924 4568
3925 4653
3926 4677
3927 4684
3928 655
3929 4649
3930 4338
3931 4338
3932 4332
3933 4555
3934 4649
3935 4339
3936 1002
3937 4338
3938 4338
3939 3157
3940 1289
3941 1000
3942 1134
3943 747
3944 864
3945 864
3946 747
3947 4227
3948 1687
3949 1599
3950 4814
3951 2780
3952 4813
3953 4974
3954 4815
3955 4997
3956 4813
3957 4886
3958 4696
3959 5063
3960 4997
3961 4784
3962 4588
3963 4589
3964 4813
3965 4813
3966 4813
3967 5064
3968 4997
3969 4571
3970 4588
3971 4588
3972 4598
3973 4599
3974 1783
3975 4823
3976 4813
3977 4706
3978 4813
3979 4588
3980 4588
3981 4588
3982 4588
3983 1783
3984 4942
3985 4932
3986 4933
3987 4813
3988 4587
3989 4588
3990 4710
3991 1628
3992 1628
3993 4474
3994 4937
3995 4933
3996 5096
3997 5140
3998 1624
3999 1290
4000 4937
4001 4937
4002 4849
4003 2822
4004 2822
4005 4706
4006 742
4007 742
4008 742
4009 4624
4010 3166
4011 3339
4012 4751
4013 4472
4014 3654
4015 4751
4016 4751
4017 4472
4018 3854
4019 4764
4020 4751
4021 4751
4022 4752
4023 3854
4024 4764
4025 4648
4026 4371
4027 4364
4028 4751
4029 4751
4030 4752
4031 4758
4032 4769
4033 4648
4034 4648
4035 4364
4036 4364
4037 4371
4038 4364
4039 4751
4040 4769
4041 4764
4042 4648
4043 4371
4044 4371
4045 4371
4046 4371
4047 4364
4048 4517
4049 4751
4050 1515
4051 4891
4052 4764
4053 4648
4054 4371
4055 4371
4056 4392
4057 4648
4058 4526
4059 2911
4060 4751
4061 4206
4062 4570
4063 3841
4064 1515
4065 1672
4066 4648
4067 4648
4068 4648
4069 4648
4070 3157
4071 3360
4072 1791
4073 4649
4074 3099
4075 4262
4076 3100
4077 4653
4078 1313
4079 3157
4080 1326
4081 3819
4082 3819
4083 3099
4084 3099
4085 3750
4086 3077
4087 3100
4088 4653
4089 1326
4090 2910
4091 4559
4092 4653
4093 4653
4094 3819
4095 3819
4096 3076
4097 3077
4098 3077
4099 3100
4100 3077
4101 4653
4102 1326
4103 4653
4104 4559
4105 4684
4106 4649
4107 4048
4108 4035
4109 3819
4110 3078
4111 2853
4112 3022
4113 4653
4114 4553
4115 1506
4116 4559
4117 4555
4118 4556
4119 4555
4120 4556
4121 4339
4122 1134
4123 4522
4124 4339
4125 1131
4126 1136
4127 747
4128 2780
4129 4061
4130 4183
4131 4813
4132 4813
4133 4814
4134 4815
4135 4813
4136 4813
4137 5040
4138 5064
4139 5064
4140 5012
4141 4928
4142 4813
4143 4886
4144 5064
4145 4997
4146 4784
4147 4588
4148 4932
4149 4932
4150 4813
4151 4978
4152 5048
4153 5064
4154 4571
4155 4586
4156 4587
4157 4660
4158 4938
4159 4978
4160 4978
4161 4978
4162 4978
4163 4978
4164 5064
4165 4571
4166 4586
4167 4402
4168 4660
4169 4932
4170 4932
4171 5049
4172 5096
4173 4571
4174 5111
4175 4402
4176 1290
4177 4932
4178 5099
4179 5066
4180 5111
4181 5111
4182 742
4183 4751
4184 4751
4185 4751
4186 4751
4187 4751
4188 4758
4189 4889
4190 4371
4191 4751
4192 4751
4193 4751
4194 3770
4195 4889
4196 4764
4197 4648
4198 5074
4199 5074
4200 4790
4201 4271
4202 1672
4203 4764
4204 4764
4205 4648
4206 4648
4207 4790
4208 4570
4209 1640
4210 1791
4211 3360
4212 3099
4213 3099
4214 4648
4215 4648
4216 3321
4217 3898
4218 4054
4219 3839
4220 1791
4221 3360
4222 3099
4223 3099
4224 4648
4225 3099
4226 3100
4227 3343
4228 3100
4229 2631
4230 4049
4231 3839
4232 3360
4233 3099
4234 3099
4235 3099
4236 4684
4237 3076
4238 3343
4239 3077
4240 4653
4241 4048
4242 3819
4243 4049
4244 3321
4245 3099
4246 3099
4247 3076
4248 3077
4249 3078
4250 3077
4251 3078
4252 3041
4253 4653
4254 4653
4255 4048
4256 1761
4257 3099
4258 685
4259 685
4260 2853
4261 4653
4262 4653
4263 4653
4264 5099
4265 4978
4266 4814
4267 4886
4268 5012
4269 4813
4270 4978
4271 4825
4272 5088
4273 4978
4274 4813
4275 4813
4276 5048
4277 5098
4278 5000
4279 4978
4280 4978
4281 5048
4282 5096
4283 4571
4284 4420
4285 4402
4286 4932
4287 4978
4288 4706
4289 4978
4290 5096
4291 4571
4292 5111
4293 4932
4294 4977
4295 5088
4296 5099
4297 5065
4298 5111
4299 742
4300 742
4301 5074
4302 5074
4303 4790
4304 4790
4305 3833
4306 4054
4307 3898
4308 3833
4309 4054
4310 3360
4311 3118
4312 3099
4313 3898
4314 3530
4315 4198
4316 3839
4317 3360
4318 3099
4319 3099
4320 3099
4321 3120
4322 3120
4323 3119
4324 4198
4325 4042
4326 2724
4327 3360
4328 3099
4329 3321
4330 3078
4331 3078
4332 685
4333 2419
4334 3343
4335 3343
4336 3343
4337 685
4338 685
4339 2853
4340 3221
4341 3022
4342 5000
4343 5000
4344 4933
4345 4978
4346 5000
4347 5000
4348 4933
4349 4978
4350 5048
4351 5013
4352 4932
4353 4977
4354 4933
4355 4886
4356 5065
4357 4932
4358 4828
4359 5097
4360 4842
4361 1787
4362 4253
4363 4041
4364 4252
4365 3825
4366 5121
4367 3343
4368 4932
4369 3645
4370 5085
